python spacy_api_ner.py /data/jh/notebooks/fanxiaokun/code/general_ner/data/ontonotes_data/english_word_merge_20190714/data_test output.txt

metrics:
    ontonotes英文数据集:
        the macro F1 is: 0.713036
        the micro F1 is: 0.789666
        ================================================================================
        tp = 27478      tn = 205575
        ================================================================================
        tag             tp      fp      fn      Precsion        Recall          F1
        B-PER           2806    358     372     0.886852        0.882945        0.884894
        I-PER           1836    298     410     0.860356        0.817453        0.838356
        B-ORG           2714    390     446     0.874356        0.858861        0.866539
        I-ORG           3644    334     1623    0.916038        0.691855        0.788318
        B-LOC           398     60      142     0.868996        0.737037        0.797595
        I-LOC           514     74      188     0.874150        0.732194        0.796899
        B-TIME          2462    419     352     0.854564        0.874911        0.864618
        I-TIME          2931    411     705     0.877020        0.806106        0.840069
        B-NORP          1151    59      72      0.951240        0.941128        0.946157
        I-NORP          96      20      27      0.827586        0.780488        0.803347
        B-GPE           2740    142     472     0.950729        0.853051        0.899245
        I-GPE           702     46      1021    0.938503        0.407429        0.568191
        B-DEV           95      60      46      0.612903        0.673759        0.641892
        I-DEV           96      15      83      0.864865        0.536313        0.662069
        B-PERCENT       243     174     170     0.582734        0.588378        0.585542
        I-PERCENT       549     28      371     0.951473        0.596739        0.733467
        B-CUR           423     258     286     0.621145        0.596615        0.608633
        I-CUR           1004    65      1067    0.939196        0.484790        0.639490
        B-QUANTITY      85      85      98      0.500000        0.464481        0.481586
        I-QUANTITY      294     50      230     0.854651        0.561069        0.677419
        B-CARDINAL      1203    1125    203     0.516753        0.855619        0.644349
        I-CARDINAL      465     331     527     0.584171        0.468750        0.520134
        B-EVENT         128     19      54      0.870748        0.703297        0.778116
        I-EVENT         218     48      117     0.819549        0.650746        0.725458
        B-WORK          76      17      98      0.817204        0.436782        0.569288
        I-WORK          158     72      299     0.686957        0.345733        0.459971
        B-LAN           12      6       3       0.666667        0.800000        0.727273
        I-LAN           0       0       0       1.000000        1.000000        1.000000
        B-LAW           66      6       21      0.916667        0.758621        0.830189
        I-LAW           181     7       78      0.962766        0.698842        0.809843
        B-ORDINAL       188     39      39      0.828194        0.828194        0.828194
        I-ORDINAL       0       0       2       1.000000        0.000000        0.000000
        ================================================================================

